100
1	1
28
2	1
33
4	1
33
5	1
20
8	1
10
9	1
93
11	1
29
13	1
49
15	1
97
16	1
37
17	1
60
19	1
38
21	1
47
22	1
86
24	1
89
25	1
64
31	1
50
32	1
12
12	1
97
33	1
27
27	1
74
35	1
59
36	1
7
7	1
46
37	1
78
38	1
63
39	1
72
42	1
96
46	1
89
47	1
6
48	1
18
49	1
44
52	1
54
55	1
26
26	1
50
50	1
54
58	1
73
60	1
18
63	1
53
65	1
43
69	1
41
41	1
90
71	1
76
72	1
23
74	1
90
77	1
67
67	1
44
44	1
10
10	1
56
80	1
28
81	1
97
83	1
0
0	1
6
6	1
96
85	1
40
40	1
34
34	1
18
18	1
53
53	1
20
86	1
79
79	1
62
62	1
43
43	1
29
29	1
3
87	1
56
56	1
30
30	1
3
3	1
28
88	1
95
90	1
20
20	1
66
66	1
78
92	1
89
89	1
59
59	1
84
84	1
97
94	1
73
95	1
68
96	1
57
57	1
99
97	1
14
14	1
73
73	1
76
98	1
51
51	1
75
75	1
93
93	1
70
70	1
82
82	1
23
23	1
78
78	1
54
54	1
28
28	1
45
45	1
76
76	1
68
68	1
91
91	1
64
64	1
61
61	1
99
99	0
